--Resultado--
213
220
294
214
235
0
326
376
0
445
0
430
0
517
0
505
0
597
0
536
0
0
616
0
593
0
517
0
483
0
405
387
0
366
321
307
0
275
274
245
229
250
449
210
203
209
197
230
441
200
204
234
247
226
273
231
238
227
212
275
254
232
253
228
281
277
287
312
249
0
285
300
343
0
344
401
0
522
0
0
535
0
614
0
576
0
0
540
430
0
443
0
432
332
0
337
357
316
0
314
313
347
0
359
390
0
363
385
0
414
0
412
419
0
401
0
425
0
464
477
0
493
0
0
584
0
648
0
0
674
0
0
619
0
0
726
0
0
720
476
0
453
0
451
0
414
0
433
0
541
0
529
0
0
653
0
664
0
0
628
0
666
0
0
680
0
0
661
0
633
0
0
567
0
495
0
566
0
563
0
0
621
0
557
0
0
728
0
0
727
0
0
667
0
609
0
528
0
499
0
421
0
410
383
0
361
340
355
0
280
281
286
270
303
286
0
332
327
282
0
348
300
281
243
229
380
182
333
139
320
183
162
392
207
184
213
237
226
425
196
192
202
404
179
211
204
222
222
473
227
180
294
270
266
126
