--Resultado--
0
0
0
0
0
0
0
0
0
0
0
0
0
0
0
0
0
0
0
0
1
2
0
4
2
1
3
4
5
10
12
16
23
31
31
35
73
74
92
128
139
155
214
235
326
376
445
430
517
505
597
536
616
593
517
483
405
387
366
321
307
275
274
245
229
250
230
219
210
203
209
197
230
236
205
200
204
234
247
226
273
231
238
227
212
275
254
232
253
228
281
277
287
312
249
285
300
343
344
401
522
535
614
576
540
430
443
432
332
337
357
316
314
313
347
359
390
363
385
414
412
419
401
425
464
477
493
584
648
674
619
726
720
476
453
451
414
433
541
529
653
664
628
666
680
661
633
567
495
566
563
621
557
728
727
667
609
528
499
421
410
383
361
340
355
280
281
286
270
303
286
332
327
282
348
300
281
243
229
204
176
182
173
160
139
173
147
183
162
211
181
207
184
213
237
226
217
208
196
192
202
198
206
179
211
204
222
222
255
218
227
180
174
120
95
98
77
69
62
58
34
43
32
24
14
11
5
11
5
6
6
2
3
3
2
1
0
0
0
1
0
0
0
0
0
0
0
0
0
0
0
0
0
0
0
